0.48846063017845154, 0.48532721400260925, 0.4740898013114929, 0.4621789753437042, 0.5159037709236145, 0.5259823203086853, 0.5363778471946716, 0.4324352443218231, 0.5354134440422058, 0.4497537612915039, 0.48699241876602173, 0.31808120012283325, 0.4666607677936554, 0.22055581212043762, 0.3314029276371002, 0.2463105320930481, 0.25582754611968994, 0.2500750720500946, 0.23347583413124084, 0.2598783075809479, 0.2414807677268982, 0.2633649706840515, 0.24462434649467468, 0.12902598083019257, 0.22084185481071472, 0.19744008779525757, 0.2635984420776367, 0.14505326747894287, 0.18870484828948975, 0.12706831097602844, 0.14673064649105072, 0.1701856553554535, 0.2323906421661377, 0.6057078838348389, 0.622485339641571, 0.6254997849464417, 0.6282039284706116, 0.6156738996505737, 0.6137074828147888, 0.6118162870407104, 0.6329179406166077, 0.6110293865203857, 0.6024165749549866, 0.5941030979156494, 0.5963501930236816, 0.5666428804397583, 0.5049234628677368, 0.49236029386520386, 0.4998186528682709, 0.49398544430732727, 0.4957292079925537, 0.4892391264438629, 0.5105945467948914, 0.502722442150116, 0.5100591778755188, 0.506041944026947, 0.46045374870300293, 0.450716108083725, 0.36730384826660156, 0.3538567125797272, 0.24024194478988647, 0.23604296147823334, 0.22412794828414917, 0.22060930728912354, 0.19043464958667755, 0.18931524455547333, -0.9850859642028809, -0.970340371131897, -0.9711592793464661, -0.9711073040962219, -0.9461190104484558, -0.9471616148948669, -0.9477609395980835, -0.7237513065338135, -0.6164268255233765, -0.8735013008117676, -0.8479956388473511, -0.5337855219841003, -0.3086773753166199, -0.7419692277908325, -0.5097070932388306, -1.0997893810272217, -1.060541033744812, -1.2058883905410767, -1.1850296258926392, -1.2418632507324219, -1.2136733531951904, -1.1180447340011597, -1.0873125791549683, -0.093081995844841, 0.0922337993979454, -0.1373811513185501, -0.15199556946754456, 0.11580322682857513, 0.006324752699583769, 0.1255829781293869, 0.013620125129818916, -0.1134459376335144, -0.21507567167282104, 44.58455276489258, 167.7637939453125, 378.45404052734375, 181.5720977783203
0.07603287696838379, 0.08031857758760452, 0.08336357027292252, 0.08689581602811813, 0.07085826992988586, 0.06924799829721451, 0.06726663559675217, 0.09719519317150116, 0.06608903408050537, 0.08350399136543274, 0.07755299657583237, 0.17383620142936707, 0.05488473176956177, 0.4051636755466461, 0.25411146879196167, 0.47577476501464844, 0.30646735429763794, 0.5219519138336182, 0.3119668662548065, 0.49654296040534973, 0.3008715510368347, 0.46427080035209656, 0.3043639063835144, 0.21685907244682312, 0.13142237067222595, 0.35669758915901184, 0.17417418956756592, 0.3822616934776306, 0.25017809867858887, 0.37749403715133667, 0.26756611466407776, 0.39560791850090027, 0.2587544322013855, 0.18212994933128357, 0.1689634919166565, 0.16675832867622375, 0.16488432884216309, 0.17302465438842773, 0.17353257536888123, 0.17397534847259521, 0.15342310070991516, 0.16555550694465637, 0.18228653073310852, 0.18604612350463867, 0.17642629146575928, 0.20636938512325287, 0.21382193267345428, 0.27369973063468933, 0.3316231966018677, 0.353077232837677, 0.35469236969947815, 0.37385842204093933, 0.3632124960422516, 0.38052019476890564, 0.35854142904281616, 0.371648371219635, 0.35436296463012695, 0.3592413365840912, 0.4982682466506958, 0.4782676696777344, 0.5954265594482422, 0.5734873414039612, 0.6059380769729614, 0.583260715007782, 0.6395424604415894, 0.6216004490852356, -1.193296194076538, -1.233758807182312, -1.2346405982971191, -1.234790563583374, -1.2016774415969849, -1.202223300933838, -1.2026634216308594, -1.182584285736084, -1.02839994430542, -1.1438719034194946, -1.1037962436676025, -1.0199625492095947, -0.6639094948768616, -0.9259355068206787, -0.494137167930603, -0.9341570138931274, -0.5567525625228882, -1.0023075342178345, -0.6108042597770691, -1.050489902496338, -0.7028672099113464, -0.9477810263633728, -0.5989695191383362, -0.09145787358283997, 0.09105101227760315, -0.012954735197126865, 0.1490774154663086, 0.6187467575073242, 0.7741119265556335, 0.6699949502944946, 0.8301863670349121, 0.4329608976840973, 0.6436600685119629, 58.5142822265625, 149.65536499023438, 401.93890380859375, 180.4331817626953
0.05785462260246277, 0.10712333023548126, 0.12637804448604584, 0.1448533982038498, 0.047616615891456604, 0.0261467844247818, 0.013550326228141785, 0.15915419161319733, -0.01257740706205368, 0.06954605877399445, 0.005763024091720581, 0.18374966084957123, -0.23788440227508545, 0.20278026163578033, -0.05941334366798401, 0.4191235303878784, 0.3348344564437866, 0.5060749053955078, 0.4090149402618408, 0.5362629294395447, 0.44014161825180054, 0.4841544032096863, 0.4232392907142639, -0.013927236199378967, -0.2909907102584839, 0.3336869478225708, -0.03796295076608658, 0.2829003930091858, 0.12268197536468506, 0.2686401605606079, 0.1381107121706009, 0.24884821474552155, 0.20990513265132904, 0.20141786336898804, 0.18129199743270874, 0.18268471956253052, 0.183657705783844, 0.17105787992477417, 0.1652173399925232, 0.15926611423492432, 0.18466037511825562, 0.1424804925918579, 0.22912567853927612, 0.21357500553131104, 0.2944633960723877, 0.22973328828811646, 0.5421799421310425, 0.4006296992301941, 0.5718052387237549, 0.43651166558265686, 0.5785579681396484, 0.4231708347797394, 0.553809642791748, 0.3799614906311035, 0.5557237267494202, 0.38632044196128845, 0.6617724299430847, 0.6499315500259399, 0.9189369678497314, 0.7980791926383972, 1.1337069272994995, 1.0247176885604858, 1.1613578796386719, 1.0564029216766357, 1.2169342041015625, 1.1047759056091309, -3.4491636753082275, -3.388911724090576, -3.391420364379883, -3.3916587829589844, -3.419990301132202, -3.421945810317993, -3.4235589504241943, -2.651916980743408, -2.799795627593994, -3.1219539642333984, -3.176786422729492, -1.8126184940338135, -2.1772842407226562, -1.568846583366394, -2.3155763149261475, -2.167755603790283, -2.964538097381592, -2.3338370323181152, -3.2680041790008545, -2.53407883644104, -3.310866594314575, -2.2545151710510254, -3.0028886795043945, 0.13822223246097565, -0.1390731930732727, 0.06514456123113632, -0.46327319741249084, 1.6335341930389404, 1.0784943103790283, 1.7666263580322266, 1.2239741086959839, 1.2492048740386963, 0.7298844456672668, 58.03862380981445, 148.86907958984375, 394.07196044921875, 177.3310089111328
0.2827800214290619, 0.263201504945755, 0.2513330578804016, 0.23851683735847473, 0.289608359336853, 0.2932548522949219, 0.2976936995983124, 0.1653858870267868, 0.25129061937332153, 0.2233191877603531, 0.2532559633255005, -0.08279404044151306, 0.1826053261756897, -0.015736402943730354, 0.24006885290145874, 0.24254293739795685, 0.4672146439552307, 0.3169688880443573, 0.3896779417991638, 0.3148404061794281, 0.39224785566329956, 0.2884339988231659, 0.3702094852924347, -0.23362824320793152, -0.020394423976540565, -0.3816770017147064, -0.06890233606100082, -0.515317976474762, -0.10439686477184296, -0.5669774413108826, -0.1230015754699707, -0.40631043910980225, -0.08712106198072433, 0.1728304624557495, 0.2180994749069214, 0.22493505477905273, 0.23013538122177124, 0.20337504148483276, 0.1986573338508606, 0.1945585012435913, 0.2401106357574463, 0.19514989852905273, 0.16304492950439453, 0.14397728443145752, 0.12549787759780884, 0.06036728620529175, 0.03945380449295044, -0.030587613582611084, 0.10033667087554932, 0.0780709981918335, 0.09773778915405273, 0.010035514831542969, 0.12490290403366089, 0.017942368984222412, 0.12641513347625732, 0.02025538682937622, -0.5043926239013672, -0.5151734948158264, -0.939440131187439, -0.9331817626953125, -1.3889431953430176, -1.391203761100769, -1.4533309936523438, -1.4594333171844482, -1.4828085899353027, -1.4948515892028809, -0.33725425601005554, -0.36777061223983765, -0.36900579929351807, -0.3686378002166748, -0.3111262023448944, -0.31366679072380066, -0.3154604732990265, -0.2847345769405365, -0.015418002381920815, -0.26063403487205505, -0.19649094343185425, -0.1124630719423294, 0.11678492277860641, -0.013017220422625542, 0.18496793508529663, -0.03820385783910751, -0.07489462196826935, -0.09570819139480591, -0.20045869052410126, -0.1578827202320099, -0.265867680311203, -0.05227813497185707, -0.12012112885713577, -0.03180854767560959, 0.030255433171987534, 0.2595425248146057, 0.2617676556110382, 0.763725757598877, 1.2208331823349, 0.7828153967857361, 1.3033331632614136, 0.26209089159965515, 0.9365952610969543, 79.86033630371094, 222.64639282226562, 385.34796142578125, 175.51205444335938
0.27718523144721985, 0.27387234568595886, 0.266940176486969, 0.25955143570899963, 0.29252174496650696, 0.2984250783920288, 0.30451783537864685, 0.24221950769424438, 0.30653905868530273, 0.2565975785255432, 0.2779650390148163, 0.1663971245288849, 0.31785282492637634, 0.1346668303012848, 0.40357425808906555, 0.1366603970527649, 0.4621504247188568, 0.13435381650924683, 0.4796953499317169, 0.1443997621536255, 0.43232646584510803, 0.1474265307188034, 0.4195021092891693, 0.09818331152200699, 0.1712338626384735, 0.02897205948829651, 0.1580333560705185, -0.03785218298435211, 0.12272176146507263, -0.0539451465010643, 0.1092531755566597, -0.04452558606863022, 0.12818242609500885, 0.18522189557552338, 0.21002306044101715, 0.21313504874706268, 0.2158249318599701, 0.20557627081871033, 0.2051427960395813, 0.20473146438598633, 0.23097838461399078, 0.21545420587062836, 0.18475967645645142, 0.17896512150764465, 0.21657602488994598, 0.19015666842460632, 0.18835516273975372, 0.17976324260234833, 0.1307259052991867, 0.1147531121969223, 0.11451752483844757, 0.10403652489185333, 0.11525636911392212, 0.09685058146715164, 0.12106359004974365, 0.10163997113704681, 0.07368643581867218, 0.05431893467903137, 0.01927528716623783, -0.022329743951559067, -0.07341758161783218, -0.10873844474554062, -0.0855146050453186, -0.12140049040317535, -0.11711212992668152, -0.14240583777427673, -1.069135308265686, -1.0875860452651978, -1.0881462097167969, -1.0879969596862793, -1.074059009552002, -1.0748463869094849, -1.075482964515686, -0.9761814475059509, -0.9195207357406616, -1.0042353868484497, -0.991309404373169, -0.7559397220611572, -0.6820218563079834, -0.6226069331169128, -0.5586555004119873, -0.5437289476394653, -0.5418177843093872, -0.5763921737670898, -0.589693009853363, -0.6176379323005676, -0.6245089769363403, -0.5583189725875854, -0.5601165294647217, -0.0203421451151371, 0.0199456624686718, 0.5065292716026306, 0.445955365896225, 1.0501762628555298, 0.9484644532203674, 1.0973542928695679, 0.9964905977249146, 0.9660366773605347, 0.8663445711135864, 104.90754699707031, 214.2965850830078, 396.67498779296875, 172.39627075195312
0.17213140428066254, 0.185102641582489, 0.18155092000961304, 0.17755132913589478, 0.19651849567890167, 0.20099806785583496, 0.20565669238567352, 0.1686912626028061, 0.20945453643798828, 0.14954602718353271, 0.1637275069952011, 0.10508792847394943, 0.16488541662693024, 0.04350844398140907, 0.09852553904056549, 0.06274032592773438, 0.08247625827789307, 0.06918030232191086, 0.07953571528196335, 0.07871352136135101, 0.0878196433186531, 0.07615506649017334, 0.08628085255622864, 0.0076064057648181915, 0.04730658233165741, -0.10319338738918304, -0.03993803262710571, -0.1993046998977661, -0.12902246415615082, -0.2144855111837387, -0.14716635644435883, -0.23623131215572357, -0.1633940190076828, 0.2065536230802536, 0.223072350025177, 0.22944673895835876, 0.2356087565422058, 0.20618800818920135, 0.20017319917678833, 0.19420821964740753, 0.2411574423313141, 0.18341174721717834, 0.20957274734973907, 0.18883050978183746, 0.24223428964614868, 0.1268990933895111, 0.2568068206310272, 0.0666135847568512, 0.25519195199012756, 0.07913513481616974, 0.256203293800354, 0.07749380171298981, 0.25808048248291016, 0.09363299608230591, 0.2551954984664917, 0.0977068692445755, 0.15193608403205872, 0.09422863274812698, 0.12277527898550034, 0.04684462398290634, 0.0765874981880188, 0.002384290099143982, 0.066096231341362, -0.0005807876586914062, 0.06006879359483719, -0.019090548157691956, -0.8110998272895813, -0.7936158776283264, -0.7940667271614075, -0.7940043807029724, -0.7933996915817261, -0.7937847375869751, -0.7941333055496216, -0.6278603076934814, -0.6273883581161499, -0.7397013902664185, -0.7420412302017212, -0.4668203890323639, -0.48944392800331116, -0.44346824288368225, -0.6189311146736145, -0.4535534679889679, -0.8597573637962341, -0.4806217551231384, -0.9405221939086914, -0.49418193101882935, -0.9409250617027283, -0.45869606733322144, -0.8697435855865479, 0.018714571371674538, -0.01880830153822899, 0.282839834690094, 0.09664096683263779, 0.6427022814750671, 0.448385626077652, 0.6717751622200012, 0.48097243905067444, 0.5615044236183167, 0.366632342338562, 128.00042724609375, 204.2751922607422, 398.11993408203125, 167.64764404296875
0.9300326704978943, 0.921476423740387, 0.9202948212623596, 0.9191946387290955, 0.9233588576316833, 0.923428475856781, 0.9235243201255798, 0.9157067537307739, 0.9214571118354797, 0.931832492351532, 0.9337517023086548, 0.9299890995025635, 0.9408822059631348, 0.934810221195221, 0.9367412328720093, 0.9608508944511414, 0.9495241641998291, 0.9707669019699097, 0.9542508125305176, 0.966534435749054, 0.9582350850105286, 0.9624707698822021, 0.955621600151062, 0.990785539150238, 0.9987228512763977, 0.9615557789802551, 0.9812626838684082, 0.8690186142921448, 0.9124487638473511, 0.8555949330329895, 0.9008783102035522, 0.851154088973999, 0.9081276059150696, 0.5705711841583252, 0.5777539610862732, 0.5768773555755615, 0.5753929018974304, 0.5801560878753662, 0.5804876089096069, 0.58112633228302, 0.5678529739379883, 0.5769009590148926, 0.5597118139266968, 0.5621955394744873, 0.5144534111022949, 0.5386658906936646, 0.48107820749282837, 0.5505588054656982, 0.4978921413421631, 0.5544458031654358, 0.4981726408004761, 0.557083249092102, 0.509844958782196, 0.5502772331237793, 0.5096732378005981, 0.5491116046905518, 0.3338371515274048, 0.3519802689552307, 0.17433390021324158, 0.24359548091888428, 0.17917680740356445, 0.18826071918010712, 0.18002764880657196, 0.18443350493907928, 0.16611555218696594, 0.15989571809768677, -0.151520773768425, -0.15819202363491058, -0.15850381553173065, -0.1585513949394226, -0.14789704978466034, -0.14821402728557587, -0.1484050303697586, -0.154079407453537, -0.1062149778008461, -0.1427752822637558, -0.13142739236354828, -0.16612008213996887, -0.03729918971657753, -0.2077358365058899, -0.02949182689189911, -0.24613459408283234, -0.05322243273258209, -0.2670885920524597, -0.060974426567554474, -0.26491013169288635, -0.07578699290752411, -0.24545273184776306, -0.06177452206611633, -0.046165887266397476, 0.0459156297147274, -0.07194773107767105, 0.10817192494869232, 0.07670234888792038, 0.24415817856788635, 0.09177406877279282, 0.2587396800518036, 0.06392472237348557, 0.23890328407287598, 252.52154541015625, 206.98471069335938, 416.4369201660156, 158.17449951171875
0.9139917492866516, 0.9073796272277832, 0.9072699546813965, 0.9074799418449402, 0.9053840637207031, 0.9041687846183777, 0.9007645845413208, 0.9027650356292725, 0.896664023399353, 0.914408802986145, 0.9124075770378113, 0.9146444797515869, 0.8972763419151306, 0.9223827123641968, 0.9257370233535767, 0.9337877035140991, 0.9354265928268433, 0.9372249841690063, 0.940468430519104, 0.9322506785392761, 0.9485283493995667, 0.9275331497192383, 0.948543131351471, 0.9461768865585327, 0.9399388432502747, 0.9435087442398071, 0.953744113445282, 0.9316688776016235, 0.9405286312103271, 0.9187263250350952, 0.9357123970985413, 0.9663807153701782, 0.9499910473823547, 0.55677330493927, 0.569357693195343, 0.5690805315971375, 0.5689957141876221, 0.5679279565811157, 0.5666759014129639, 0.5641707181930542, 0.5593833923339844, 0.5545624494552612, 0.5430567264556885, 0.5414552092552185, 0.49811893701553345, 0.47457557916641235, 0.44683387875556946, 0.3814771771430969, 0.43610602617263794, 0.31637805700302124, 0.43284541368484497, 0.299919068813324, 0.4414063096046448, 0.3042793571949005, 0.4394897222518921, 0.31115731596946716, 0.275770902633667, 0.2724549472332001, 0.0828804224729538, 0.11253790557384491, -0.04354177415370941, 0.03069634735584259, -0.06133072078227997, 0.020229220390319824, -0.07560889422893524, 0.0035279393196105957, 0.08587014675140381, 0.06441020965576172, 0.06414755433797836, 0.06416552513837814, 0.09186188876628876, 0.0914902538061142, 0.09131930023431778, -0.00486976932734251, 0.11917094141244888, 0.06752371042966843, 0.10083497315645218, -0.10950784385204315, 0.1888129562139511, -0.18986083567142487, 0.20261193811893463, -0.19338417053222656, 0.1170976459980011, -0.21341899037361145, 0.11000246554613113, -0.20404444634914398, 0.08616321533918381, -0.18773490190505981, 0.10250435769557953, -0.0984015092253685, 0.0981234535574913, -0.057836685329675674, 0.1192566305398941, 0.02845560386776924, 0.20637691020965576, 0.035828474909067154, 0.2164011150598526, -0.02020423486828804, 0.19517116248607635, 287.29071044921875, 205.55453491210938, 425.4825439453125, 151.36172485351562
0.9104222059249878, 0.9105283617973328, 0.912514328956604, 0.9144034385681152, 0.9056977033615112, 0.9039657711982727, 0.90229731798172, 0.9217492938041687, 0.913815438747406, 0.9223998785018921, 0.9211385250091553, 0.9501511454582214, 0.9205061793327332, 0.9442866444587708, 0.9301964044570923, 0.9506562948226929, 0.9484431743621826, 0.9547746181488037, 0.9505988359451294, 0.9531279802322388, 0.9569752812385559, 0.9495294690132141, 0.9590950608253479, 0.9663161635398865, 0.9630011916160583, 0.9689666628837585, 0.9727138876914978, 0.982815146446228, 0.9885047674179077, 0.9786565899848938, 0.9902586340904236, 1.0117509365081787, 1.0019820928573608, 0.5275804996490479, 0.5384427309036255, 0.5386049747467041, 0.5380505323410034, 0.5391790866851807, 0.5394555330276489, 0.5401610136032104, 0.5483702421188354, 0.541124165058136, 0.5199906826019287, 0.519171416759491, 0.5060596466064453, 0.49252328276634216, 0.41473788022994995, 0.38726192712783813, 0.3528584837913513, 0.3522546589374542, 0.33349037170410156, 0.34496045112609863, 0.34520280361175537, 0.35350584983825684, 0.35056373476982117, 0.3561219274997711, 0.29660701751708984, 0.2939058840274811, 0.0979192703962326, 0.11996705830097198, -0.05638200044631958, 0.0023826509714126587, -0.07633203268051147, -0.016938716173171997, -0.10868757963180542, -0.032916903495788574, 0.3221171796321869, 0.3233873248100281, 0.32305002212524414, 0.323029100894928, 0.3192947208881378, 0.3190484046936035, 0.3188472390174866, 0.3101452887058258, 0.28911253809928894, 0.32142046093940735, 0.3129466772079468, 0.20046044886112213, 0.22803173959255219, -0.0027260573115199804, -0.02486109733581543, -0.23619332909584045, -0.2945789098739624, -0.278952032327652, -0.34956052899360657, -0.27978700399398804, -0.3427530527114868, -0.24137331545352936, -0.30195897817611694, -0.009469189681112766, 0.009055166505277157, -0.056250426918268204, -0.0718863233923912, -0.06435485929250717, -0.07159335911273956, -0.06826236844062805, -0.07306521385908127, -0.13906121253967285, -0.12685230374336243, 296.7366638183594, 202.6805419921875, 435.17669677734375, 149.40634155273438
0.20129403471946716, 0.19429302215576172, 0.19498401880264282, 0.19576025009155273, 0.18651841580867767, 0.18258453905582428, 0.17816495895385742, 0.1853753924369812, 0.1568809449672699, 0.20662522315979004, 0.1950746774673462, 0.2289688140153885, 0.13937047123908997, 0.3038598299026489, 0.11071068048477173, 0.3459731340408325, 0.18959848582744598, 0.361050546169281, 0.19558681547641754, 0.3517189919948578, 0.20383168756961823, 0.3462091088294983, 0.20483602583408356, 0.39093106985092163, 0.3690497875213623, 0.5787873268127441, 0.5497845411300659, 0.7186566591262817, 0.7164492607116699, 0.7393918037414551, 0.7390035390853882, 0.7811513543128967, 0.7687230110168457, 0.21806496381759644, 0.18346482515335083, 0.17839404940605164, 0.17399245500564575, 0.20077094435691833, 0.2061927616596222, 0.21157115697860718, 0.1885453760623932, 0.2329486906528473, 0.24042381346225739, 0.25497370958328247, 0.32610583305358887, 0.39510855078697205, 0.3804309666156769, 0.5894418954849243, 0.4152466952800751, 0.7496168613433838, 0.4271506071090698, 0.7889989614486694, 0.4197594225406647, 0.7669394016265869, 0.41932016611099243, 0.7569555044174194, 0.587803304195404, 0.6749708652496338, 0.6206532716751099, 0.6929170489311218, 0.7381932735443115, 0.7714617848396301, 0.7771884202957153, 0.8106377124786377, 0.7200614213943481, 0.7108859419822693, -0.013554655946791172, 0.0022209163289517164, 0.0019204749260097742, 0.001978884218260646, -0.029247108846902847, -0.029655998572707176, -0.029683955013751984, 0.1113596111536026, -0.03388542681932449, 0.03720691055059433, -0.007861259393393993, 0.2057310938835144, -0.028441770002245903, 0.24731582403182983, -0.10813477635383606, 0.1495918482542038, -0.17706765234470367, 0.131609708070755, -0.20809414982795715, 0.10488512367010117, -0.22182460129261017, 0.135563924908638, -0.18577133119106293, 0.08569955825805664, -0.0861881896853447, 0.08092179894447327, -0.1125284731388092, 0.14269626140594482, -0.03970407322049141, 0.1425912231206894, -0.03392092511057854, 0.07571559399366379, -0.10978655517101288, 376.46197509765625, 197.87025451660156, 453.8052978515625, 132.11227416992188
0.2162231206893921, 0.2057468593120575, 0.2045496702194214, 0.20342086255550385, 0.20163212716579437, 0.1981286108493805, 0.19426095485687256, 0.18245463073253632, 0.17166493833065033, 0.21808645129203796, 0.21183565258979797, 0.2215566635131836, 0.15545418858528137, 0.2654646337032318, 0.14788396656513214, 0.30561941862106323, 0.14577621221542358, 0.3222382664680481, 0.1110350489616394, 0.3171464800834656, 0.12562303245067596, 0.31045445799827576, 0.1349177062511444, 0.3425983786582947, 0.30733802914619446, 0.4963386058807373, 0.358104407787323, 0.6109538078308105, 0.38612788915634155, 0.622388482093811, 0.3968215584754944, 0.6682525277137756, 0.3889332711696625, 0.19292819499969482, 0.16596582531929016, 0.164280503988266, 0.16265615820884705, 0.17073675990104675, 0.17438539862632751, 0.1783289611339569, 0.18032079935073853, 0.20748218894004822, 0.22334954142570496, 0.22555410861968994, 0.3361746072769165, 0.34416645765304565, 0.5842268466949463, 0.5801829099655151, 0.750931978225708, 0.7677938938140869, 0.7941687107086182, 0.8381767272949219, 0.7843669056892395, 0.8186567425727844, 0.7711187601089478, 0.8032498955726624, 0.6118888258934021, 0.6318747997283936, 0.6261234283447266, 0.6035082340240479, 0.7562367916107178, 0.7955543994903564, 0.800792932510376, 0.8542740345001221, 0.7313741445541382, 0.7750192284584045, 0.1363254189491272, 0.15472511947155, 0.15444977581501007, 0.15449349582195282, 0.12169346958398819, 0.12140020728111267, 0.12137334048748016, 0.23496969044208527, 0.08377163112163544, 0.17117144167423248, 0.12506826221942902, 0.255482941865921, 0.020226916298270226, 0.21941755712032318, -0.11799897253513336, 0.12464471161365509, -0.20006366074085236, 0.10692104697227478, -0.2325136661529541, 0.08255722373723984, -0.24325552582740784, 0.11116620898246765, -0.2081468105316162, 0.09886862337589264, -0.09939568489789963, 0.05827255919575691, -0.26898258924484253, 0.001037707319483161, -0.542431116104126, -0.010330290533602238, -0.5710073113441467, -0.05629638954997063, -0.6448458433151245, 393.1945495605469, 191.9394989013672, 457.36322021484375, 124.91964721679688
0.20678474009037018, 0.1984727680683136, 0.19799861311912537, 0.19775140285491943, 0.19466006755828857, 0.19440658390522003, 0.1910690814256668, 0.18774130940437317, 0.17303265631198883, 0.20915979146957397, 0.2039456069469452, 0.19401179254055023, 0.17151664197444916, 0.22349905967712402, 0.19014650583267212, 0.2546376585960388, 0.23885947465896606, 0.26623499393463135, 0.24640294909477234, 0.2620774507522583, 0.25290340185165405, 0.25728532671928406, 0.2516400218009949, 0.28031855821609497, 0.2717227041721344, 0.39118725061416626, 0.35223957896232605, 0.4315871298313141, 0.409717857837677, 0.43415576219558716, 0.41584742069244385, 0.4501267671585083, 0.43486738204956055, 0.1837444007396698, 0.16536834836006165, 0.16444623470306396, 0.1633796989917755, 0.17335158586502075, 0.172134667634964, 0.17327198386192322, 0.18839624524116516, 0.19122132658958435, 0.21486899256706238, 0.21543464064598083, 0.3240768015384674, 0.3157546818256378, 0.547044575214386, 0.527400553226471, 0.6837164163589478, 0.6780270338058472, 0.7249622941017151, 0.7189956903457642, 0.7117109298706055, 0.7114552855491638, 0.6997556686401367, 0.6985107660293579, 0.5667449831962585, 0.5839851498603821, 0.6379185318946838, 0.631676435470581, 0.8106460571289062, 0.8014122843742371, 0.846381425857544, 0.8363039493560791, 0.8415737152099609, 0.8178489208221436, -0.0448332279920578, -0.034226737916469574, -0.03446105122566223, -0.03442870453000069, -0.06321214139461517, -0.06344960629940033, -0.06350935995578766, 0.02898898348212242, -0.10272976756095886, -0.013900590129196644, -0.05401885136961937, 0.08843649923801422, -0.12595917284488678, 0.0852254331111908, -0.16414810717105865, -0.007891704328358173, -0.15650837123394012, -0.02898130938410759, -0.17955979704856873, -0.04997219890356064, -0.18982835114002228, -0.019062485545873642, -0.1603790819644928, 0.08577185124158859, -0.0861225500702858, 0.11998149752616882, -0.10602834075689316, 0.13950031995773315, -0.06435073167085648, 0.13666488230228424, -0.06021906062960625, 0.08619226515293121, -0.10495346784591675, 396.7801208496094, 187.49871826171875, 457.1520690917969, 127.48213195800781
0.21567712724208832, 0.20274686813354492, 0.20026908814907074, 0.1976739764213562, 0.20137441158294678, 0.19808316230773926, 0.1945006251335144, 0.1726682037115097, 0.17196495831012726, 0.2152332365512848, 0.21257427334785461, 0.1960822194814682, 0.21290147304534912, 0.18099412322044373, 0.12492847442626953, 0.13515159487724304, 0.09173917770385742, 0.11668586730957031, 0.0793590247631073, 0.09802141785621643, 0.09166894853115082, 0.12258502840995789, 0.10290654003620148, 0.294385701417923, 0.3281307816505432, 0.291035920381546, 0.4729880094528198, 0.2843494117259979, 0.5428628921508789, 0.2834419906139374, 0.5480505228042603, 0.2849554121494293, 0.576408863067627, 0.22918352484703064, 0.20962059497833252, 0.2095525860786438, 0.20943740010261536, 0.21039503812789917, 0.2114313840866089, 0.21288076043128967, 0.23210805654525757, 0.238444983959198, 0.26091817021369934, 0.2624250054359436, 0.39669087529182434, 0.35640016198158264, 0.6498559713363647, 0.5597677230834961, 0.8013763427734375, 0.7840261459350586, 0.8409772515296936, 0.8236804008483887, 0.830594003200531, 0.8208044767379761, 0.813727855682373, 0.810449481010437, 0.7233909368515015, 0.7190086245536804, 0.5634008646011353, 0.5356624126434326, 0.8383408784866333, 0.8616097569465637, 0.8948764801025391, 0.9491984248161316, 0.8708664178848267, 0.8381518125534058, 0.13424274325370789, 0.14599376916885376, 0.14580172300338745, 0.1458536684513092, 0.11484797298908234, 0.11456058919429779, 0.11452347785234451, 0.1924027055501938, 0.051540475338697433, 0.1568899005651474, 0.11393367499113083, 0.20837031304836273, -0.023740757256746292, 0.1311647742986679, -0.15535470843315125, 0.0351608544588089, -0.19538502395153046, 0.009750551544129848, -0.22907686233520508, -0.00019644289568532258, -0.24105717241764069, 0.027159309014678, -0.20349112153053284, 0.1086764931678772, -0.10923406481742859, 0.23572683334350586, -0.04776696860790253, 0.054124314337968826, -0.24890539050102234, 0.02911650761961937, -0.27061912417411804, -0.02707669511437416, -0.3464103937149048, 408.00799560546875, 177.1856689453125, 449.58453369140625, 129.71327209472656
0.22409796714782715, 0.2116309404373169, 0.2084338665008545, 0.2050250917673111, 0.21133488416671753, 0.20840734243392944, 0.2054106593132019, 0.1812785267829895, 0.18419596552848816, 0.22252799570560455, 0.22195285558700562, 0.18337629735469818, 0.232670396566391, 0.16701269149780273, 0.1969466209411621, 0.1402539759874344, 0.14904101192951202, 0.15160706639289856, 0.09900720417499542, 0.1486472189426422, 0.10822339355945587, 0.15270790457725525, 0.14562590420246124, 0.3131084144115448, 0.3606938123703003, 0.38394108414649963, 0.5300231575965881, 0.42219090461730957, 0.6593225002288818, 0.4281327426433563, 0.676249623298645, 0.4376074969768524, 0.7023108005523682, 0.2159254550933838, 0.198621928691864, 0.19979968667030334, 0.20073890686035156, 0.19867277145385742, 0.20013654232025146, 0.20165672898292542, 0.2200663685798645, 0.22418895363807678, 0.24701431393623352, 0.2487698793411255, 0.39288094639778137, 0.34496113657951355, 0.6369515061378479, 0.5767135620117188, 0.8122286796569824, 0.7704274654388428, 0.8550914525985718, 0.7984081506729126, 0.8365106582641602, 0.8064572811126709, 0.819908857345581, 0.8068415522575378, 0.7432443499565125, 0.6968177556991577, 0.6904944181442261, 0.5007233619689941, 0.8180869817733765, 0.6900007724761963, 0.856772243976593, 0.7500020861625671, 0.7954748272895813, 0.6422134637832642, 0.14895319938659668, 0.15217864513397217, 0.1519329845905304, 0.15190120041370392, 0.11959405243396759, 0.11931974440813065, 0.1192975789308548, 0.16422030329704285, 0.01749349944293499, 0.16075651347637177, 0.11609131097793579, 0.17542198300361633, -0.09789562225341797, 0.06523779779672623, -0.2440764605998993, -0.030134880915284157, -0.25851985812187195, -0.04571877792477608, -0.28741371631622314, -0.05705966427922249, -0.296859472990036, -0.03800935670733452, -0.26528438925743103, 0.1349567174911499, -0.13556130230426788, 0.3339366018772125, -0.0668783038854599, 0.2105960100889206, -0.2482084482908249, 0.19159241020679474, -0.26711419224739075, 0.15090559422969818, -0.33141663670539856, 412.3505859375, 177.4656524658203, 441.94140625, 133.23045349121094
0.22821563482284546, 0.21686476469039917, 0.21380087733268738, 0.21017774939537048, 0.21635103225708008, 0.2133650779724121, 0.21019196510314941, 0.1842319518327713, 0.1888742446899414, 0.22552278637886047, 0.22481024265289307, 0.18365304172039032, 0.23854273557662964, 0.18164516985416412, 0.2449093759059906, 0.16245423257350922, 0.28121376037597656, 0.163461834192276, 0.28914782404899597, 0.16187526285648346, 0.2908119559288025, 0.1681453287601471, 0.2849038541316986, 0.3017089366912842, 0.354817658662796, 0.2629229724407196, 0.4886855185031891, 0.30737876892089844, 0.5296711921691895, 0.3230780363082886, 0.5250445008277893, 0.30686601996421814, 0.5244910717010498, 0.19947549700737, 0.17701414227485657, 0.17774593830108643, 0.17779871821403503, 0.17765772342681885, 0.17898482084274292, 0.180385023355484, 0.20205634832382202, 0.20394042134284973, 0.23441770672798157, 0.23601248860359192, 0.3792295455932617, 0.3376935124397278, 0.6531885862350464, 0.5615686178207397, 0.8001381158828735, 0.6675772070884705, 0.8197821974754333, 0.6879367232322693, 0.8041707873344421, 0.6695337891578674, 0.7981581091880798, 0.6664223670959473, 0.6893041133880615, 0.6807902455329895, 0.5112881064414978, 0.54739910364151, 0.6058380603790283, 0.8693197965621948, 0.6601318120956421, 0.9433673620223999, 0.517090916633606, 0.8279858827590942, 0.14632295072078705, 0.14427217841148376, 0.14407403767108917, 0.1439417004585266, 0.11636485159397125, 0.11615774780511856, 0.11614029854536057, 0.13594284653663635, 0.011060886085033417, 0.15126045048236847, 0.11285828053951263, 0.13138988614082336, -0.07218100130558014, 0.05757240206003189, -0.17273785173892975, 0.02458188869059086, -0.11268670856952667, 0.016473785042762756, -0.12641941010951996, 0.014705230481922626, -0.12459151446819305, 0.02359340526163578, -0.11209837347269058, 0.10034230351448059, -0.1008240133523941, 0.262412428855896, -0.2738199830055237, 0.06362219154834747, -0.5587151050567627, 0.036484893411397934, -0.5872018337249756, 0.038263704627752304, -0.6249890923500061, 416.1016540527344, 177.4683837890625, 436.6219482421875, 133.31118774414062
0.24003520607948303, 0.22663116455078125, 0.22224310040473938, 0.21758539974689484, 0.2279951572418213, 0.22541776299476624, 0.2228405773639679, 0.1926066130399704, 0.20150525867938995, 0.23509803414344788, 0.23715287446975708, 0.14042450487613678, 0.28494492173194885, 0.08278244733810425, 0.38815945386886597, 0.14478197693824768, 0.4476754367351532, 0.1604786515235901, 0.4551926851272583, 0.17513929307460785, 0.44974786043167114, 0.17064212262630463, 0.4431617259979248, 0.3116578161716461, 0.39888331294059753, 0.3045276403427124, 0.5285452604293823, 0.42824143171310425, 0.5241624116897583, 0.4571472704410553, 0.4992403984069824, 0.44787371158599854, 0.5411409735679626, 0.17324602603912354, 0.1517612636089325, 0.15296247601509094, 0.15416362881660461, 0.15100717544555664, 0.15133103728294373, 0.15152543783187866, 0.17833587527275085, 0.17549899220466614, 0.20510125160217285, 0.20650610327720642, 0.3993076682090759, 0.3091602623462677, 0.6600117683410645, 0.4906652569770813, 0.7642371654510498, 0.6171360015869141, 0.7838239073753357, 0.6391612887382507, 0.7666809558868408, 0.6434870362281799, 0.7604671716690063, 0.6364850401878357, 0.7380738258361816, 0.6622822284698486, 0.5671423673629761, 0.5692128539085388, 0.5018796920776367, 0.859941840171814, 0.5287817120552063, 0.9390217065811157, 0.374382346868515, 0.874298095703125, 0.3154718279838562, 0.3089097738265991, 0.30871444940567017, 0.3084971606731415, 0.2731610834598541, 0.272990345954895, 0.2730361223220825, 0.2663799226284027, 0.10365030914545059, 0.3098352253437042, 0.2601993680000305, 0.25202903151512146, -0.05005026236176491, 0.25434765219688416, -0.12132803350687027, 0.3571917414665222, 0.05488397553563118, 0.3820306062698364, 0.05593473091721535, 0.37518298625946045, 0.06634237617254257, 0.3573237955570221, 0.061150502413511276, 0.12964314222335815, -0.13012932240962982, 0.4335498511791229, -0.18272945284843445, 0.48205554485321045, -0.44320324063301086, 0.4839378893375397, -0.4669472873210907, 0.567290723323822, -0.4777922034263611, 415.08587646484375, 180.16424560546875, 430.5356750488281, 135.45468139648438
0.24715688824653625, 0.23758935928344727, 0.23441019654273987, 0.231528639793396, 0.23809698224067688, 0.23638352751731873, 0.23437108099460602, 0.19740667939186096, 0.2110317200422287, 0.2425050139427185, 0.2433071732521057, 0.1481390744447708, 0.2731403112411499, 0.11562776565551758, 0.370645672082901, 0.12890145182609558, 0.4604759216308594, 0.15312835574150085, 0.4877908229827881, 0.15683342516422272, 0.4801645874977112, 0.15610460937023163, 0.4655734598636627, 0.2942829132080078, 0.34041881561279297, 0.4712543487548828, 0.4812840223312378, 0.6131209135055542, 0.5155044794082642, 0.6354732513427734, 0.5182793140411377, 0.6413764953613281, 0.5263890624046326, 0.10521221160888672, 0.08898481726646423, 0.08932751417160034, 0.0887388288974762, 0.09165382385253906, 0.09273156523704529, 0.09200656414031982, 0.11441433429718018, 0.11338475346565247, 0.13619035482406616, 0.13707667589187622, 0.3280225992202759, 0.25910520553588867, 0.6061854362487793, 0.4486778974533081, 0.7306743860244751, 0.47851768136024475, 0.7522701025009155, 0.4828890562057495, 0.7341321706771851, 0.46158161759376526, 0.7236104011535645, 0.46151822805404663, 0.6010512113571167, 0.5782331824302673, 0.5386361479759216, 0.5369821786880493, 0.674699604511261, 0.8355178833007812, 0.7231622338294983, 0.9026631116867065, 0.6332894563674927, 0.8429259061813354, 0.15795885026454926, 0.14694400131702423, 0.14670228958129883, 0.14654117822647095, 0.11372826248407364, 0.1135740876197815, 0.11356336623430252, 0.1011868491768837, -0.04864250868558884, 0.1525382250547409, 0.10674172639846802, 0.07537681609392166, -0.13512353599071503, 0.12257573008537292, -0.1765001267194748, 0.22639064490795135, -0.06622768938541412, 0.23418989777565002, -0.08324337750673294, 0.22663918137550354, -0.07308903336524963, 0.2269284874200821, -0.06069337576627731, 0.09624314308166504, -0.09656225144863129, 0.29440099000930786, -0.16963540017604828, 0.4424275755882263, -0.10606265813112259, 0.45354312658309937, -0.09663964807987213, 0.4896320700645447, -0.07986447960138321, 417.8748779296875, 182.98709106445312, 416.25482177734375, 132.7733154296875
0.417059063911438, 0.4116738438606262, 0.4119899868965149, 0.4126628041267395, 0.4069652557373047, 0.4046396315097809, 0.4021604061126709, 0.4003622233867645, 0.3833603858947754, 0.4140838384628296, 0.40999317169189453, 0.40571027994155884, 0.35391122102737427, 0.4620053768157959, 0.36849740147590637, 0.48632341623306274, 0.3987340033054352, 0.4893104135990143, 0.4110112488269806, 0.48721379041671753, 0.41769811511039734, 0.4853511452674866, 0.4202054738998413, 0.43697720766067505, 0.4174036681652069, 0.5723248720169067, 0.5768670439720154, 0.6208409070968628, 0.7206270694732666, 0.6197304725646973, 0.7286166548728943, 0.6606693863868713, 0.7930750846862793, 0.2240467667579651, 0.2054838091135025, 0.1992122381925583, 0.19352738559246063, 0.22065207362174988, 0.22465330362319946, 0.2284688949584961, 0.1741432398557663, 0.2218436747789383, 0.21890243887901306, 0.2332691252231598, 0.15636470913887024, 0.2981659471988678, 0.23297643661499023, 0.4717991352081299, 0.2898368239402771, 0.6177164912223816, 0.29785603284835815, 0.6460061073303223, 0.2922786474227905, 0.6416897773742676, 0.2953198552131653, 0.6301159858703613, 0.36462631821632385, 0.44861817359924316, 0.38492128252983093, 0.3657093644142151, 0.5289099812507629, 0.5285148024559021, 0.5627803802490234, 0.5705926418304443, 0.5373775959014893, 0.5196900367736816, -0.6958245038986206, -0.708415687084198, -0.7088629603385925, -0.7088893055915833, -0.7239135503768921, -0.7242690324783325, -0.7245522737503052, -0.6432616710662842, -0.7111138701438904, -0.6534515619277954, -0.6754920482635498, -0.46606385707855225, -0.5936573147773743, -0.32374271750450134, -0.5471866130828857, -0.26181501150131226, -0.5514083504676819, -0.26577574014663696, -0.5893744230270386, -0.2978953421115875, -0.6204394698143005, -0.27072885632514954, -0.5649397373199463, 0.06876449286937714, -0.06906241923570633, 0.19952920079231262, -0.1342208981513977, 0.46090903878211975, -0.09118703752756119, 0.4823799729347229, -0.08847912400960922, 0.42521390318870544, -0.2076207548379898, 407.317138671875, 175.31044006347656, 399.80596923828125, 126.98733520507812
0.3082507252693176, 0.2890351414680481, 0.29020363092422485, 0.29176831245422363, 0.282804399728775, 0.2797449827194214, 0.2765668034553528, 0.2901723384857178, 0.2683103084564209, 0.3236517310142517, 0.3155803978443146, 0.3537289500236511, 0.30971240997314453, 0.44725531339645386, 0.36671268939971924, 0.5133097767829895, 0.4001951813697815, 0.5303610563278198, 0.403143972158432, 0.529754638671875, 0.40799659490585327, 0.5288695693016052, 0.41031384468078613, 0.43801647424697876, 0.42000097036361694, 0.5583733320236206, 0.553947925567627, 0.5841432809829712, 0.6675767302513123, 0.5810361504554749, 0.6799615025520325, 0.6218215227127075, 0.7297753095626831, 0.0932319164276123, 0.06639844179153442, 0.05643847584724426, 0.04702278971672058, 0.09544235467910767, 0.10648801922798157, 0.11742514371871948, 0.048820704221725464, 0.14512690901756287, 0.09474623203277588, 0.13025379180908203, 0.10621502995491028, 0.2663359045982361, 0.12849946320056915, 0.43680283427238464, 0.11308306455612183, 0.5890213251113892, 0.09727320075035095, 0.6341188549995422, 0.09905686974525452, 0.6340990662574768, 0.13412204384803772, 0.6136492490768433, 0.36664026975631714, 0.43679797649383545, 0.3737381100654602, 0.3584364950656891, 0.4903983473777771, 0.5363848805427551, 0.5234887599945068, 0.5814517736434937, 0.4872036576271057, 0.5216178894042969, -0.9842418432235718, -0.9632386565208435, -0.9636475443840027, -0.9637474417686462, -0.9817005395889282, -0.982053279876709, -0.9823048710823059, -0.7636748552322388, -0.8418094515800476, -0.8991169929504395, -0.9234950542449951, -0.5110886096954346, -0.6791056990623474, -0.4626808166503906, -0.6666942834854126, -0.544884443283081, -0.7111404538154602, -0.5691694617271423, -0.7558401823043823, -0.6091893315315247, -0.8035430908203125, -0.5621066689491272, -0.7312233448028564, 0.07181579619646072, -0.07220640033483505, 0.11464797705411911, -0.15102404356002808, 0.3757894039154053, -0.05725530907511711, 0.3936575651168823, -0.05500209704041481, 0.2846221625804901, -0.22004105150699615, 407.317138671875, 175.31044006347656, 399.80596923828125, 126.98733520507812
0.22618691623210907, 0.21212024986743927, 0.21409271657466888, 0.21656882762908936, 0.2046428620815277, 0.2016950249671936, 0.19860407710075378, 0.2211918830871582, 0.19646015763282776, 0.24400314688682556, 0.23448358476161957, 0.30171138048171997, 0.2410460263490677, 0.41335761547088623, 0.2732701897621155, 0.4976344704627991, 0.3301009237766266, 0.5276011228561401, 0.3401210904121399, 0.5260863304138184, 0.34759271144866943, 0.5131846070289612, 0.3480159342288971, 0.4160017669200897, 0.40254446864128113, 0.5383957028388977, 0.5838627219200134, 0.6080437898635864, 0.732131838798523, 0.6035438776016235, 0.7428563833236694, 0.6759063005447388, 0.8273060321807861, 0.09297466278076172, 0.07066464424133301, 0.06143665313720703, 0.05251508951187134, 0.09855702519416809, 0.10915908217430115, 0.11970493197441101, 0.05831503868103027, 0.1499069482088089, 0.0947856605052948, 0.1299183964729309, 0.10714104771614075, 0.2909417450428009, 0.11654648184776306, 0.4882996082305908, 0.11045080423355103, 0.6326987743377686, 0.09987995028495789, 0.6781092286109924, 0.09854599833488464, 0.669486403465271, 0.11242265999317169, 0.6502320766448975, 0.3319099545478821, 0.42416876554489136, 0.29354047775268555, 0.3158254027366638, 0.4951011538505554, 0.483639121055603, 0.5306696891784668, 0.527381956577301, 0.5059924721717834, 0.4572158753871918, -0.9284457564353943, -0.9036693572998047, -0.9040806889533997, -0.9040783047676086, -0.9211147427558899, -0.9214813709259033, -0.9216014742851257, -0.6951117515563965, -0.7712744474411011, -0.8424447178840637, -0.8666242957115173, -0.45752498507499695, -0.627288281917572, -0.4647030830383301, -0.6310089230537415, -0.6803001165390015, -0.7089616060256958, -0.7327548265457153, -0.7570452094078064, -0.7808899879455566, -0.8109357357025146, -0.7048448324203491, -0.7336979508399963, 0.10155254602432251, -0.10193660110235214, 0.1327420175075531, -0.25816068053245544, 0.43515756726264954, -0.07314658910036087, 0.45589470863342285, -0.059088680893182755, 0.3442443013191223, -0.21997196972370148, 407.317138671875, 175.31044006347656, 399.80596923828125, 126.98733520507812
0.19248220324516296, 0.1759074628353119, 0.1736283004283905, 0.1765698492527008, 0.16955220699310303, 0.16813227534294128, 0.16508707404136658, 0.18566951155662537, 0.16960984468460083, 0.21711932122707367, 0.21435031294822693, 0.28643056750297546, 0.24661581218242645, 0.40782514214515686, 0.3607211709022522, 0.5027064085006714, 0.4408157467842102, 0.5432739853858948, 0.4676387906074524, 0.5360265374183655, 0.4605926275253296, 0.5256788730621338, 0.4515920877456665, 0.4646870493888855, 0.443288117647171, 0.620398223400116, 0.627058744430542, 0.6368378400802612, 0.7361792325973511, 0.623989462852478, 0.743295431137085, 0.7125223278999329, 0.8529012203216553, 0.13688026368618011, 0.11855347454547882, 0.10603591799736023, 0.09238964319229126, 0.15583154559135437, 0.16797100007534027, 0.18603754043579102, 0.08449530601501465, 0.2187337726354599, 0.1308095008134842, 0.1719062328338623, 0.11184127628803253, 0.30285871028900146, 0.13008123636245728, 0.3727152645587921, 0.11467912793159485, 0.3540351390838623, 0.09804344177246094, 0.36256730556488037, 0.09702596068382263, 0.3411889672279358, 0.11574617028236389, 0.3354305922985077, 0.3119240403175354, 0.4100686311721802, 0.28058379888534546, 0.2786977291107178, 0.4581013023853302, 0.45631110668182373, 0.499157577753067, 0.4878861904144287, 0.48480406403541565, 0.44778919219970703, -1.0211337804794312, -0.9844421744346619, -0.9849047660827637, -0.984922468662262, -1.0096869468688965, -1.010147213935852, -1.010410189628601, -0.7122962474822998, -0.823942244052887, -0.9107723236083984, -0.9451721906661987, -0.4165966808795929, -0.7009746432304382, -0.38879358768463135, -0.7719597220420837, -0.6317179203033447, -0.9109498858451843, -0.6863101720809937, -0.9881608486175537, -0.7381010055541992, -1.0164375305175781, -0.6582094430923462, -0.9250552654266357, 0.1102323979139328, -0.1104123443365097, 0.08898140490055084, -0.3183417022228241, 0.5664384365081787, 0.044825177639722824, 0.6097859144210815, 0.08144240081310272, 0.5341191291809082, -0.03977898508310318, 407.317138671875, 175.31044006347656, 399.80596923828125, 126.98733520507812
0.18755605816841125, 0.17225942015647888, 0.17505115270614624, 0.17497530579566956, 0.16830432415008545, 0.16719505190849304, 0.1667504906654358, 0.1877003014087677, 0.17298704385757446, 0.21119260787963867, 0.20930826663970947, 0.2892616391181946, 0.24200491607189178, 0.40018948912620544, 0.3345295190811157, 0.4971126616001129, 0.38467755913734436, 0.5261290073394775, 0.40449807047843933, 0.5255863666534424, 0.39290767908096313, 0.5135481357574463, 0.3858236074447632, 0.4654660224914551, 0.44285324215888977, 0.656329870223999, 0.643425703048706, 0.6404154300689697, 0.7559841871261597, 0.6199109554290771, 0.762442946434021, 0.7078226804733276, 0.8738279342651367, 0.1751689910888672, 0.15436090528964996, 0.14107993245124817, 0.12761002779006958, 0.19026823341846466, 0.20643050968647003, 0.2175997495651245, 0.12315107882022858, 0.24793154001235962, 0.17052461206912994, 0.2100212275981903, 0.13208037614822388, 0.31970328092575073, 0.1212763786315918, 0.3550953269004822, 0.10434164106845856, 0.22851687669754028, 0.0785193145275116, 0.2035217136144638, 0.08768579363822937, 0.17943432927131653, 0.09022015333175659, 0.1878737211227417, 0.2995908856391907, 0.40152233839035034, 0.30147263407707214, 0.290970116853714, 0.48520851135253906, 0.4388098418712616, 0.5142675042152405, 0.473231703042984, 0.5225511789321899, 0.4238475263118744, -0.8997951149940491, -0.8687283396720886, -0.8691984415054321, -0.8692513108253479, -0.8889365196228027, -0.8894347548484802, -0.8896855115890503, -0.6221681833267212, -0.7132415175437927, -0.7985219359397888, -0.8267011642456055, -0.35327214002609253, -0.6325117945671082, -0.3245393633842468, -0.8669405579566956, -0.5402747988700867, -1.1585285663604736, -0.5907682776451111, -1.260648250579834, -0.6365054845809937, -1.2571979761123657, -0.5629937052726746, -1.1643527746200562, 0.10891185700893402, -0.10915345698595047, 0.050535883754491806, -0.2974623441696167, 0.6035664081573486, 0.04485948383808136, 0.6553300619125366, 0.077312171459198, 0.5700031518936157, -0.08178536593914032, 407.317138671875, 175.31044006347656, 399.80596923828125, 126.98733520507812
0.19417047500610352, 0.17132622003555298, 0.17307084798812866, 0.17457175254821777, 0.17257288098335266, 0.17278200387954712, 0.1724623441696167, 0.18129828572273254, 0.17575150728225708, 0.2197432816028595, 0.2164648473262787, 0.3090851902961731, 0.24927237629890442, 0.4307372272014618, 0.3426402807235718, 0.519332230091095, 0.40586331486701965, 0.547992467880249, 0.43586859107017517, 0.5484047532081604, 0.4207735061645508, 0.5369436144828796, 0.41603514552116394, 0.4885493814945221, 0.48827433586120605, 0.6014780402183533, 0.6759241819381714, 0.6689067482948303, 0.7841353416442871, 0.651554524898529, 0.7906285524368286, 0.7325642108917236, 0.884393572807312, 0.2098732590675354, 0.1910831183195114, 0.17740575969219208, 0.16498251259326935, 0.23078107833862305, 0.24444833397865295, 0.26498502492904663, 0.1567014455795288, 0.2996792793273926, 0.2002503126859665, 0.24294626712799072, 0.11906817555427551, 0.37514981627464294, 0.10780613124370575, 0.48598358035087585, 0.09217442572116852, 0.5358181595802307, 0.07662814855575562, 0.5479959845542908, 0.08119755983352661, 0.5497461557388306, 0.09698572754859924, 0.5371950268745422, 0.28900620341300964, 0.4225906431674957, 0.10374753177165985, 0.2438720464706421, 0.3935602605342865, 0.42108574509620667, 0.43606704473495483, 0.44997134804725647, 0.45087260007858276, 0.4159112870693207, -1.0577653646469116, -1.0218936204910278, -1.02238929271698, -1.0224093198776245, -1.0404155254364014, -1.040905475616455, -1.04119873046875, -0.7462583780288696, -0.8256927132606506, -0.9451997876167297, -0.9708012342453003, -0.45386284589767456, -0.6396458148956299, -0.411045640707016, -0.5805160403251648, -0.6459333896636963, -0.5873734354972839, -0.7021499872207642, -0.6304261684417725, -0.7544215321540833, -0.6742727160453796, -0.6721219420433044, -0.6053256988525391, 0.0920867994427681, -0.0923154279589653, -0.02457725629210472, -0.26217567920684814, 0.39752328395843506, 0.14580115675926208, 0.4353668987751007, 0.18688495457172394, 0.3255292475223541, 0.05814051255583763, 407.317138671875, 175.31044006347656, 399.80596923828125, 126.98733520507812
0.17680053412914276, 0.15888014435768127, 0.15895166993141174, 0.15993881225585938, 0.15899541974067688, 0.1624193787574768, 0.16186422109603882, 0.16633066534996033, 0.16143694519996643, 0.19808442890644073, 0.19611623883247375, 0.28089290857315063, 0.21800005435943604, 0.399059921503067, 0.16686320304870605, 0.5113915205001831, 0.11447569727897644, 0.5446569323539734, 0.09366893768310547, 0.5395655035972595, 0.09898540377616882, 0.5325313806533813, 0.11093029379844666, 0.48675379157066345, 0.49514317512512207, 0.6161554455757141, 0.7026365995407104, 0.6153564453125, 0.7771108150482178, 0.5987867116928101, 0.7685987949371338, 0.6632780432701111, 0.8556942939758301, 0.23545168340206146, 0.21929743885993958, 0.21175742149353027, 0.19947561621665955, 0.24279209971427917, 0.250344455242157, 0.26121363043785095, 0.19844380021095276, 0.30131247639656067, 0.22558502852916718, 0.25748154520988464, 0.15871797502040863, 0.39696455001831055, 0.12330104410648346, 0.5262228846549988, 0.09430944919586182, 0.6558233499526978, 0.07559548318386078, 0.7051762342453003, 0.0839499831199646, 0.6941528916358948, 0.10727079212665558, 0.6752752661705017, 0.25991976261138916, 0.3886021673679352, 0.04110315442085266, 0.2194199562072754, 0.263009250164032, 0.41651999950408936, 0.29506632685661316, 0.47330284118652344, 0.3141542077064514, 0.4215286672115326, -0.681177020072937, -0.6462749242782593, -0.6467574238777161, -0.6467772126197815, -0.6678662896156311, -0.6683172583580017, -0.668506383895874, -0.42473551630973816, -0.5230469107627869, -0.5924012064933777, -0.6234471797943115, -0.25010818243026733, -0.4575730264186859, -0.24870522320270538, -0.6624950766563416, -0.4666426479816437, -0.8870998024940491, -0.5106860399246216, -0.9666267037391663, -0.563056468963623, -0.9817196726799011, -0.4927693009376526, -0.9043615460395813, 0.09817679226398468, -0.09864400327205658, 0.04057077318429947, -0.24128106236457825, 0.5840139985084534, 0.20453543961048126, 0.6356871724128723, 0.25165820121765137, 0.5753530859947205, 0.15759485960006714, 407.317138671875, 175.31044006347656, 399.80596923828125, 126.98733520507812
0.16922155022621155, 0.15371760725975037, 0.15386858582496643, 0.15536871552467346, 0.15197062492370605, 0.1512799859046936, 0.15821677446365356, 0.1683918833732605, 0.16046196222305298, 0.19114673137664795, 0.18843068182468414, 0.27229657769203186, 0.21837075054645538, 0.38748785853385925, 0.20974323153495789, 0.4943079352378845, 0.1465408205986023, 0.5401895642280579, 0.16355839371681213, 0.5368202328681946, 0.1665794849395752, 0.5242623090744019, 0.17568466067314148, 0.4822503924369812, 0.48438090085983276, 0.6966735124588013, 0.706148624420166, 0.7114678621292114, 0.7932111024856567, 0.6928157806396484, 0.7887932062149048, 0.7686225175857544, 0.8719357252120972, 0.261191725730896, 0.24857831001281738, 0.24119600653648376, 0.2278672456741333, 0.2740381956100464, 0.282186895608902, 0.2907881736755371, 0.22593313455581665, 0.3297116458415985, 0.2502976059913635, 0.2846582531929016, 0.16139906644821167, 0.4193350076675415, 0.11254890263080597, 0.5433760285377502, 0.09522701799869537, 0.6981456279754639, 0.08493030071258545, 0.7113685607910156, 0.10222271084785461, 0.7027738094329834, 0.11598044633865356, 0.6830320358276367, 0.27243879437446594, 0.39394086599349976, 0.11260809004306793, 0.22100841999053955, 0.3176501393318176, 0.38791424036026, 0.3660085201263428, 0.42408227920532227, 0.37950098514556885, 0.3923030197620392, -0.5343073606491089, -0.49850761890411377, -0.49892663955688477, -0.4988931715488434, -0.5161618590354919, -0.5165661573410034, -0.5167220830917358, -0.2809428870677948, -0.36054569482803345, -0.4473598301410675, -0.4731314480304718, -0.11405828595161438, -0.3016355037689209, -0.11237635463476181, -0.4745786190032959, -0.3393215835094452, -0.6959158182144165, -0.38402193784713745, -0.7696593999862671, -0.43252137303352356, -0.7879082560539246, -0.3638301193714142, -0.7131223678588867, 0.09543877094984055, -0.09580932557582855, -0.017380403354763985, -0.2700820863246918, 0.4935106933116913, 0.22496043145656586, 0.5420798659324646, 0.27739253640174866, 0.45928582549095154, 0.18699191510677338, 407.317138671875, 175.31044006347656, 399.80596923828125, 126.98733520507812
